32
19 14 18 13 30 21 29 23 10 4 31 25 2 11 15 26 6 32 9 24 27 22 8 20 7 1 16 3 17 5 12 28
6 14 12 28 21 19 9 2 24 1 31 22 10 13 5 7 23 27 17 32 3 15 16 18 4 20 26 11 30 25 29 8
12 19 31 5 20 32 8 3 18 13 2 16 25 24 10 15 7 14 28 29 1 6 21 27 30 4 9 26 11 17 22 23
17 28 27 18 9 19 6 3 24 4 16 21 32 22 29 25 15 12 8 14 23 7 13 11 31 5 26 1 30 10 2 20
16 22 20 31 23 7 15 25 26 3 5 32 11 10 13 14 18 2 28 29 30 8 1 17 12 27 21 24 4 19 9 6
19 15 29 7 14 4 13 9 12 1 16 6 17 18 3 32 5 23 8 10 22 25 20 30 21 2 31 28 26 24 11 27
20 32 6 8 27 11 14 13 4 9 18 31 12 29 22 24 23 16 2 7 26 1 17 28 15 19 3 30 21 25 5 10
32 13 17 11 22 25 29 18 4 9 10 2 3 6 21 30 16 20 27 1 15 5 31 7 19 8 28 26 12 24 23 14
13 5 26 22 23 2 24 4 15 20 17 14 10 18 12 3 32 11 21 25 8 7 31 27 6 16 30 1 19 9 28 29
15 11 7 8 17 16 3 27 23 19 2 21 14 18 12 6 26 4 20 13 32 10 25 9 29 31 1 28 30 22 5 24
28 22 13 24 29 19 21 4 5 1 17 32 8 11 14 6 25 3 12 2 20 9 15 16 18 7 30 31 10 26 23 27
15 20 22 2 23 9 4 26 8 28 19 24 6 29 11 17 13 3 12 7 32 1 27 30 21 5 10 14 16 25 31 18
21 19 16 17 23 29 9 32 31 8 5 13 1 18 27 28 12 30 25 20 26 2 7 10 22 14 6 4 15 24 11 3
5 10 4 2 1 20 24 31 16 11 28 26 14 12 19 7 22 27 6 18 23 25 21 32 17 8 3 9 15 30 29 13
5 18 25 12 20 9 10 31 3 7 26 6 30 29 14 23 22 32 1 8 19 27 15 17 13 11 4 28 24 2 21 16
24 14 17 22 32 28 12 13 4 20 30 18 19 26 29 9 31 16 25 15 1 6 7 11 3 10 5 27 23 21 8 2
7 15 12 20 25 1 21 19 28 23 26 8 10 18 24 4 27 9 2 3 6 11 14 31 13 17 16 5 29 30 22 32
25 30 3 23 24 27 32 2 18 7 10 19 13 17 4 26 6 11 28 14 5 15 29 1 22 8 31 9 20 16 12 21
26 25 32 24 2 22 1 10 30 14 15 28 20 18 7 29 3 8 4 21 31 23 11 6 17 9 19 5 13 16 27 12
2 32 7 5 8 19 25 21 1 15 4 27 18 14 12 29 16 31 13 10 26 23 9 30 20 22 3 17 24 11 28 6
20 25 28 13 10 15 23 3 27 24 19 7 6 30 29 9 14 4 16 1 31 22 2 8 12 5 26 21 18 17 32 11
18 29 8 31 30 25 4 3 10 9 1 7 16 19 26 21 32 13 20 23 15 2 24 11 5 12 6 17 28 22 14 27
18 6 4 20 1 24 26 21 7 19 28 17 9 31 29 27 13 23 16 2 15 25 32 12 22 11 3 8 14 10 30 5
28 22 32 20 18 7 19 24 14 27 15 5 2 1 29 25 17 4 6 3 11 13 8 12 31 26 10 21 23 30 9 16
27 10 7 32 8 20 17 22 31 30 23 2 1 12 11 13 15 28 19 21 16 9 24 4 5 6 26 3 25 14 29 18
24 18 6 17 2 32 21 30 25 4 8 26 20 16 29 23 27 13 3 10 31 7 12 28 22 11 5 15 9 19 1 14
8 19 29 28 18 4 12 10 11 32 2 31 20 25 13 6 27 7 3 14 5 1 15 26 21 23 30 22 16 24 9 17
13 14 30 27 28 11 16 4 18 6 21 1 19 22 2 26 9 12 29 17 7 25 8 32 20 24 5 31 23 15 3 10
18 16 10 13 27 25 32 31 4 5 12 11 26 28 2 23 6 22 19 29 20 30 14 8 1 15 24 17 3 21 7 9
26 12 23 3 21 17 16 31 2 1 19 15 24 20 10 29 13 32 7 22 27 14 6 30 28 4 11 5 25 18 9 8
11 12 5 4 27 20 30 22 26 8 9 10 14 29 7 1 16 28 25 24 2 6 3 32 18 13 17 31 23 21 19 15
27 4 14 13 5 30 26 22 32 31 9 17 28 6 10 18 8 19 3 11 24 7 23 2 1 25 29 21 20 15 12 16
25 32 18 27 14 12 11 24 13 20 5 3 17 21 8 16 1 23 31 15 2 26 29 28 10 9 22 4 19 7 30 6
23 30 11 25 3 2 9 7 12 10 24 14 5 28 22 21 8 18 26 1 16 19 4 17 31 13 27 15 6 29 32 20
12 18 20 19 22 23 5 2 29 17 16 9 30 1 25 21 10 6 11 7 27 3 14 31 26 32 8 4 24 13 28 15
4 16 28 24 11 25 1 27 14 10 26 7 5 2 12 30 8 29 13 9 15 31 20 22 32 3 6 19 23 17 18 21
2 23 27 11 5 15 13 16 28 8 10 17 30 25 20 24 3 26 1 12 14 22 32 19 21 6 18 4 9 7 29 31
20 17 32 14 29 25 2 7 26 13 9 18 12 22 27 28 15 24 21 5 16 8 23 31 3 11 30 1 4 6 19 10
32 19 23 8 11 6 24 22 3 12 14 15 1 5 13 10 25 17 27 4 29 20 18 26 30 9 7 21 16 2 28 31
11 24 3 2 12 6 4 18 20 1 8 16 9 25 19 28 27 15 23 13 29 32 17 21 26 5 14 30 10 7 22 31
27 6 4 23 15 29 8 17 10 22 3 28 31 25 13 9 1 11 30 14 2 24 21 7 32 5 20 12 19 26 18 16
32 10 30 18 9 20 17 31 15 29 23 8 26 27 6 19 16 4 11 21 14 7 24 3 1 13 12 25 28 5 22 2
10 25 22 24 32 1 18 21 12 5 9 27 16 2 3 23 28 14 6 20 29 7 8 4 11 17 26 19 15 30 31 13
7 29 31 23 26 8 32 1 17 27 4 9 22 30 25 21 20 14 16 10 18 6 13 3 11 15 12 24 19 28 2 5
12 20 15 29 3 6 13 28 23 19 21 32 9 24 8 17 1 27 31 30 11 16 10 18 25 4 22 26 2 5 14 7
27 10 25 2 5 3 32 31 12 24 29 7 28 30 20 16 19 14 22 26 1 6 13 15 9 23 4 17 8 21 11 18
2 11 4 12 21 24 8 9 15 30 32 3 22 6 5 10 23 26 17 28 25 31 29 1 19 27 13 7 18 16 14 20
5 25 26 20 10 7 29 27 14 8 17 28 24 31 4 15 16 21 22 6 32 30 3 19 11 1 12 2 13 18 9 23
24 15 23 18 11 12 3 14 28 1 17 7 8 19 30 32 16 9 27 26 10 4 31 13 22 2 5 25 29 20 21 6
1 32 4 5 6 8 28 18 29 30 10 12 25 11 24 19 16 26 20 15 3 21 27 31 14 9 23 17 7 22 2 13
4 8 12 16 23 5 14 29 30 2 28 11 32 17 26 15 22 18 25 9 27 21 19 7 13 20 10 1 3 6 31 24
30 6 8 5 1 28 21 7 17 14 32 15 2 22 10 9 18 11 20 29 13 3 27 31 23 26 19 25 24 16 4 12
10 17 23 3 14 20 25 15 31 16 27 13 9 19 32 30 7 29 12 21 2 11 1 26 28 6 24 5 18 4 22 8
4 18 12 30 3 16 17 7 9 10 1 27 31 20 26 24 14 13 21 28 29 19 23 6 11 32 22 8 2 25 15 5
3 23 27 28 12 8 19 5 26 6 7 31 13 30 18 32 21 20 15 14 11 29 10 24 2 1 9 16 17 4 22 25
3 23 12 21 8 32 16 17 31 24 20 22 4 10 14 11 28 26 15 29 19 1 7 30 5 27 13 18 2 9 6 25
11 31 1 5 3 22 10 6 27 15 19 12 2 13 26 28 24 17 21 16 9 32 14 30 8 20 23 18 25 4 7 29
7 22 28 5 14 32 8 18 17 19 27 2 20 13 23 29 21 12 25 11 30 16 24 26 10 31 1 3 15 4 9 6
15 14 17 13 11 25 27 1 28 23 24 9 19 29 2 5 6 16 8 10 21 4 18 32 20 26 30 22 3 7 12 31
14 5 12 30 17 18 23 16 27 6 2 8 15 10 9 26 22 28 19 13 24 1 3 4 7 21 11 20 25 32 29 31
29 27 31 20 26 9 10 14 11 25 18 7 6 32 1 2 3 12 17 19 5 23 16 28 15 24 21 22 4 13 8 30
20 21 19 15 11 17 23 29 3 16 18 9 22 1 27 13 12 6 14 7 8 2 24 4 31 5 28 26 25 10 32 30
32 25 3 10 22 11 9 31 1 23 13 8 17 19 29 15 26 24 12 14 30 18 2 27 20 21 28 6 16 4 5 7
14 6 13 20 18 23 29 17 28 27 9 22 11 7 8 5 2 3 30 16 19 15 24 4 12 21 1 25 31 32 10 26
