64
36 21 56 1 11 5 34 22 49 18 31 50 13 45 9 4 54 53 14 64 40 26 2 15 63 27 29 58 60 7 28 44 61 46 6 62 55 39 10 37 47 38 42 24 59 35 3 12 19 23 25 33 48 30 20 8 41 43 16 57 52 32 17 51
25 36 2 52 63 32 54 6 48 11 33 13 57 61 46 22 10 34 64 40 59 4 62 24 51 60 53 16 44 8 18 9 42 31 47 7 45 3 50 14 28 27 49 12 38 41 43 23 56 20 29 55 17 58 37 21 26 5 19 39 15 35 30 1
10 50 23 51 61 38 15 19 17 22 45 33 11 14 2 47 29 56 41 59 24 53 49 8 18 43 39 40 5 63 21 55 62 4 48 36 52 30 27 42 7 28 20 26 9 58 6 31 25 64 57 44 3 60 37 34 46 32 35 13 54 12 1 16
35 51 46 44 36 33 2 1 14 15 56 20 7 53 21 16 54 48 50 49 8 42 9 17 40 39 5 10 57 28 18 31 58 23 29 34 60 3 41 59 43 64 11 38 55 62 6 12 4 45 37 52 13 27 25 47 19 22 26 30 32 63 24 61
64 61 59 32 33 25 47 63 42 2 56 13 9 58 21 6 57 28 1 38 5 10 55 48 36 26 17 44 41 52 45 31 4 23 14 22 19 11 15 34 46 51 8 3 35 18 43 62 60 53 39 54 12 27 24 30 49 16 29 50 7 20 40 37
38 10 2 57 54 12 24 4 7 50 37 20 29 19 16 1 49 33 43 11 55 32 46 44 53 36 21 48 62 58 64 26 41 42 3 6 13 35 45 63 34 30 9 27 25 59 40 15 22 39 56 17 31 5 47 28 23 14 51 18 61 60 8 52
16 49 55 59 28 1 8 64 63 43 6 33 44 10 42 50 23 61 18 15 11 24 14 3 34 40 32 41 46 53 30 52 48 35 4 25 37 62 36 47 19 12 54 45 2 21 5 7 60 20 31 26 22 56 9 38 17 51 57 27 29 39 13 58
41 58 26 38 30 46 59 50 60 21 57 53 62 64 35 1 61 4 24 15 47 43 18 13 27 54 8 7 63 37 31 2 44 20 11 40 3 25 28 5 55 16 39 36 22 6 33 51 49 56 17 45 34 9 14 23 32 10 42 12 29 19 48 52
47 20 12 62 1 51 60 18 4 54 35 6 42 58 49 61 3 16 7 44 19 53 40 23 63 26 21 55 64 56 34 14 57 15 22 13 2 52 41 31 27 43 10 30 50 32 45 33 37 48 8 11 59 24 17 28 46 36 5 9 38 29 25 39
46 29 48 14 8 49 17 50 36 59 24 1 51 16 61 33 52 18 62 26 40 27 32 12 45 54 13 15 39 44 64 2 25 58 3 9 19 34 42 37 31 22 4 60 63 28 38 35 10 23 30 55 6 53 56 57 47 7 43 41 20 11 5 21
8 37 13 36 19 46 16 23 15 14 24 64 42 9 17 34 22 3 45 12 33 43 4 62 6 53 48 27 11 51 54 57 52 10 26 30 50 58 55 28 47 44 29 39 61 32 59 1 35 40 38 18 7 56 41 25 21 63 20 49 5 31 60 2
20 40 34 25 62 8 15 27 54 55 59 22 45 36 32 7 41 43 61 56 1 28 51 46 38 57 39 48 16 30 17 35 33 64 23 24 47 5 58 18 26 42 13 12 44 2 53 37 50 4 19 49 14 11 10 29 60 63 6 31 9 21 3 52
50 63 57 32 62 22 49 4 43 3 30 37 48 5 38 35 27 18 60 21 12 6 47 59 19 52 34 44 14 58 42 28 17 20 55 24 36 2 45 56 61 39 54 25 9 26 64 8 1 33 41 40 23 16 13 46 53 15 7 31 51 11 29 10
26 42 20 48 64 62 22 2 61 53 28 16 13 40 33 1 21 3 59 34 18 25 52 49 37 27 17 12 46 54 10 29 6 57 51 11 9 14 41 35 24 31 19 63 55 7 36 47 50 38 56 32 23 39 30 44 43 8 45 4 15 5 60 58
34 18 59 49 24 48 16 22 3 47 57 17 33 5 7 56 38 45 6 14 31 27 62 2 29 53 10 1 12 40 11 28 32 4 36 37 26 15 39 52 13 55 30 19 60 63 23 20 50 9 21 51 42 41 54 43 25 44 58 8 64 46 35 61
33 21 10 18 40 38 48 47 16 57 63 37 61 22 49 2 6 53 25 9 15 51 26 5 24 59 55 31 23 3 19 41 42 20 34 29 60 12 36 27 62 56 50 11 43 13 30 45 39 35 8 1 64 52 58 17 4 14 32 46 28 54 44 7
50 61 22 19 9 26 52 48 27 5 60 31 41 53 51 10 25 3 18 44 37 42 16 20 56 34 47 45 57 64 36 1 12 6 13 62 8 38 7 24 59 30 14 29 58 63 33 35 28 54 2 4 21 39 11 46 23 43 15 40 55 49 17 32
55 62 32 53 21 18 39 42 50 3 13 12 11 63 5 28 6 10 31 37 24 33 22 30 51 4 49 52 36 44 2 16 19 20 54 60 27 47 14 34 17 45 59 40 61 15 26 57 29 64 25 8 41 43 56 7 58 38 35 9 48 1 46 23
31 46 52 30 2 34 10 1 37 62 17 25 20 51 45 29 36 18 58 8 60 16 15 24 53 44 22 57 27 4 28 35 23 7 42 47 64 56 21 40 9 32 11 61 54 38 19 33 13 6 14 55 49 5 59 39 43 3 26 12 41 63 48 50
48 47 14 58 18 43 61 16 26 4 21 10 25 27 42 38 24 45 41 19 22 32 8 54 36 3 12 44 15 1 30 46 55 13 2 7 29 37 62 23 64 63 20 57 52 50 34 6 51 35 31 49 17 39 60 5 11 53 9 33 59 56 28 40
17 31 20 37 5 41 50 46 34 8 42 32 63 11 26 58 48 39 6 52 16 10 35 38 54 25 22 40 30 19 44 36 7 2 59 24 29 3 28 12 18 33 1 53 51 14 56 9 13 27 4 21 60 43 47 15 49 61 57 45 23 64 62 55
39 26 58 64 46 18 10 51 48 9 61 19 17 20 31 6 41 3 34 40 35 33 55 13 47 43 52 12 22 30 54 27 62 45 60 49 29 32 5 57 37 24 11 15 56 59 1 42 44 25 8 28 53 16 21 2 23 36 4 50 14 63 7 38
44 10 26 16 29 45 27 15 3 2 17 59 35 23 55 18 41 62 28 39 19 1 12 50 57 8 60 4 51 13 22 47 5 53 54 58 46 40 34 14 43 52 31 56 21 20 25 42 30 36 64 48 6 49 24 61 9 32 37 11 63 38 7 33
2 51 12 18 38 3 45 54 48 43 42 41 44 37 64 60 27 15 7 6 46 9 56 13 50 5 35 34 57 47 14 19 36 59 25 62 4 23 8 26 21 29 30 22 31 52 49 16 33 39 61 58 1 11 63 24 10 53 32 17 20 40 28 55
6 23 12 47 42 15 2 39 22 49 11 18 35 40 64 25 50 53 29 58 30 14 17 63 8 4 61 21 41 38 20 34 28 37 26 16 13 59 62 44 48 10 5 9 31 32 56 51 52 57 55 3 46 33 1 54 36 7 43 24 60 27 19 45
64 35 47 49 9 50 29 36 43 16 7 30 23 44 10 52 25 60 4 5 22 21 58 3 63 53 14 32 48 54 40 2 57 13 61 51 56 38 28 31 26 20 11 62 8 42 37 24 45 17 6 46 55 33 18 1 19 27 34 39 12 59 15 41
12 51 64 31 29 47 23 41 48 55 53 24 62 45 8 22 40 50 32 60 26 57 34 17 54 25 61 6 3 36 5 13 58 4 46 15 27 59 2 30 21 28 44 19 43 38 37 18 10 39 35 11 49 1 42 14 56 52 16 20 9 7 33 63
28 38 36 52 10 43 55 4 53 40 50 48 33 13 8 54 5 47 30 14 9 3 20 37 41 45 22 34 42 2 29 17 46 7 27 25 59 6 1 63 15 60 44 18 23 24 57 11 49 21 51 56 32 16 31 26 39 19 12 58 64 35 62 61
4 23 59 8 35 15 1 38 53 47 2 42 22 63 10 57 12 58 64 29 34 19 48 31 27 60 37 41 25 40 21 11 30 7 3 13 54 9 28 43 61 51 18 50 44 62 17 39 24 14 56 55 45 16 52 49 36 6 5 33 26 46 32 20
44 7 34 23 25 51 61 18 58 49 17 46 9 13 30 38 12 11 50 48 59 56 3 10 55 45 22 35 57 42 4 21 16 32 29 27 5 1 53 47 20 24 26 8 54 2 19 39 63 15 28 60 36 40 43 52 41 37 64 33 14 6 31 62
46 26 58 2 37 51 18 44 48 8 64 45 9 23 10 15 42 11 24 52 38 62 32 30 41 57 34 55 29 19 61 1 43 6 4 27 3 47 13 31 50 59 7 28 63 40 60 5 14 33 20 53 39 56 36 16 22 25 54 12 17 21 35 49
41 45 34 55 19 20 5 47 10 29 7 42 21 48 59 64 25 3 28 33 32 52 61 1 46 26 60 24 14 56 9 22 58 15 31 12 23 37 51 17 16 38 53 44 54 39 27 35 8 11 6 36 57 62 43 30 63 49 40 4 18 50 2 13
37 38 51 26 6 20 54 58 55 18 11 56 62 39 17 24 7 31 50 12 16 22 44 30 47 59 1 49 8 43 10 42 2 13 33 35 29 34 25 45 28 52 3 40 5 21 15 60 64 27 63 41 9 57 36 32 14 53 4 19 48 46 61 23
52 39 20 51 60 33 22 62 15 57 18 29 9 49 48 14 19 5 59 38 6 44 42 30 37 17 1 61 26 11 35 3 32 46 27 7 8 43 56 24 41 54 28 40 58 25 12 34 2 55 21 50 63 4 23 13 45 53 36 31 64 16 47 10
10 60 19 5 16 37 28 45 20 48 59 24 26 18 49 15 36 46 32 8 1 3 42 9 29 22 39 52 41 30 33 51 63 62 2 25 31 23 44 17 57 14 40 7 56 61 34 21 58 64 38 27 35 43 50 13 54 11 6 47 4 12 53 55
46 2 63 17 20 24 1 28 21 3 34 31 12 22 56 23 18 14 47 52 11 8 35 15 25 60 29 62 55 19 7 61 5 4 42 58 37 38 36 27 13 26 30 32 57 43 50 6 33 64 51 10 16 39 53 40 54 41 49 48 9 45 59 44
1 37 61 5 41 25 32 17 13 34 31 35 21 2 50 56 9 33 54 26 27 19 47 29 60 62 22 7 39 16 64 48 44 30 63 45 42 23 53 52 58 46 38 11 40 3 20 10 59 12 43 15 51 36 55 57 4 14 8 18 49 6 24 28
38 29 11 43 36 8 34 40 26 55 27 9 25 10 54 39 59 13 63 48 2 51 32 24 62 4 58 41 18 42 47 7 15 33 30 31 23 60 1 50 16 17 64 5 44 21 35 19 49 57 52 6 61 22 28 53 12 14 45 37 46 3 20 56
1 22 50 10 25 11 8 13 33 63 49 52 44 58 41 53 19 6 45 51 30 43 37 18 47 39 23 34 62 2 14 55 57 42 27 21 59 36 54 26 61 17 29 38 56 3 15 60 4 31 5 64 16 40 35 46 28 32 7 12 24 20 9 48
60 51 29 39 59 58 48 27 25 24 7 6 9 41 14 61 34 23 10 16 36 49 55 54 53 19 38 32 31 12 42 63 64 56 62 57 33 15 44 30 4 47 40 11 37 18 28 50 35 5 20 3 46 43 26 22 45 17 13 8 1 52 21 2
19 23 49 37 45 2 11 44 24 30 41 39 43 58 48 46 27 17 54 36 38 5 13 32 64 28 51 52 14 20 34 57 9 55 25 47 61 6 31 8 3 15 21 29 4 50 62 53 56 7 26 59 60 35 1 63 12 42 40 16 18 22 33 10
58 10 56 11 16 4 5 24 8 47 29 14 51 31 35 36 44 54 13 30 50 6 55 40 41 57 60 33 52 61 63 34 26 38 64 42 39 21 25 22 2 9 3 59 37 20 53 43 49 7 15 45 1 27 32 46 19 48 18 28 12 17 23 62
22 4 23 15 2 39 34 19 14 63 6 24 43 35 55 32 7 37 25 5 36 41 46 62 42 38 49 16 47 57 48 9 13 50 44 40 21 10 18 28 26 54 8 52 59 3 17 27 11 33 56 61 12 58 53 51 29 20 30 64 1 45 31 60
36 1 7 30 26 31 13 53 47 2 33 43 63 37 48 22 35 3 4 46 51 16 14 20 38 41 60 64 54 55 17 8 44 62 10 57 39 23 12 9 49 52 56 50 28 61 40 19 25 34 29 11 59 15 6 5 45 58 21 27 24 32 42 18
30 47 2 42 18 11 21 12 64 5 27 55 46 13 32 45 37 38 20 62 29 51 6 50 35 15 25 1 59 43 40 33 56 7 22 41 52 8 53 24 36 63 14 44 34 60 58 54 26 9 28 16 39 10 19 23 48 57 61 4 17 49 3 31
16 27 57 20 33 31 38 37 26 30 47 56 24 58 59 5 41 12 21 36 49 29 9 61 48 39 6 2 54 13 63 25 45 43 42 50 51 23 8 3 46 4 44 7 55 1 22 15 34 53 40 64 52 28 62 32 35 10 60 11 14 19 18 17
53 24 49 64 26 50 52 35 51 16 58 2 41 25 61 34 5 27 39 29 11 1 14 37 22 30 54 38 56 46 15 4 10 17 6 36 23 62 12 63 21 55 20 60 43 8 42 3 19 18 7 9 44 59 28 32 33 45 57 40 48 47 13 31
17 9 10 4 13 26 14 53 42 32 45 63 35 15 27 46 16 2 23 52 34 36 55 64 48 51 40 37 19 33 30 3 29 18 60 5 57 1 61 8 38 41 58 20 25 47 44 28 12 50 22 43 7 54 24 49 21 39 56 59 11 62 6 31
24 2 36 40 43 19 34 61 15 6 17 30 28 22 55 59 26 18 60 9 64 57 41 23 3 35 8 21 25 33 31 12 44 49 7 42 45 39 54 50 13 32 37 20 11 58 53 48 56 14 29 52 38 51 62 1 16 63 10 4 27 47 46 5
15 34 54 39 55 24 8 43 28 64 21 57 59 14 30 19 1 56 20 62 53 41 5 17 48 10 49 9 51 16 13 25 23 58 37 27 40 2 26 12 32 3 36 47 22 11 45 63 60 46 42 4 29 50 7 61 52 18 35 44 31 6 33 38
46 60 41 63 49 57 52 50 19 6 12 7 18 30 29 31 10 61 39 24 17 2 32 16 42 27 59 37 23 47 11 14 51 62 54 21 1 25 20 3 43 28 33 9 44 38 55 48 58 64 56 8 26 34 53 13 4 15 22 36 45 40 35 5
26 17 15 39 24 30 48 62 32 21 31 40 47 29 20 27 43 13 8 12 50 10 16 49 60 5 64 36 11 37 6 56 41 61 59 19 57 23 34 2 22 4 42 33 52 58 18 45 25 54 28 9 53 1 55 51 14 38 7 46 44 3 35 63
26 23 7 49 24 10 35 2 56 8 61 25 19 28 22 27 54 12 5 9 34 48 42 58 46 59 14 21 17 4 52 29 62 57 6 3 43 11 44 53 40 13 60 33 20 31 32 36 37 55 38 47 39 63 30 16 18 15 45 64 41 51 1 50
24 38 61 29 13 17 10 41 34 21 6 63 16 15 33 5 36 19 20 23 35 39 18 47 42 14 25 45 44 53 31 28 3 9 8 55 50 26 2 62 52 11 57 37 59 43 56 48 7 51 40 4 49 30 27 32 1 58 46 54 60 12 22 64
45 16 59 42 57 1 17 6 38 27 48 23 49 39 63 8 54 5 52 55 25 33 34 41 20 44 14 28 61 26 53 56 13 18 51 24 46 22 12 2 30 19 58 50 11 4 31 62 35 60 43 29 15 21 47 7 64 40 9 10 37 36 3 32
63 46 29 35 56 20 49 4 53 48 15 27 61 25 18 38 59 2 22 41 34 31 58 21 10 54 17 12 55 28 16 60 50 37 62 33 8 47 23 64 14 19 11 7 30 5 43 52 26 42 36 1 3 51 9 13 32 24 45 44 40 39 57 6
57 52 7 43 59 3 23 64 22 55 17 4 40 2 51 29 32 34 44 26 10 54 48 42 50 16 37 53 58 31 46 60 45 12 49 5 61 8 63 24 25 27 21 14 47 36 30 33 28 56 11 1 19 41 20 6 18 9 39 38 35 15 62 13
5 60 13 48 10 3 56 29 62 37 59 16 11 8 43 24 58 46 55 52 1 41 27 63 31 26 36 17 51 40 34 33 45 57 23 61 47 53 14 28 44 19 7 32 21 18 64 20 35 15 9 50 39 42 25 49 6 12 54 22 38 30 2 4
28 54 5 4 22 1 55 43 31 24 46 36 63 60 23 64 8 39 58 17 32 45 26 13 9 20 51 42 27 21 14 38 57 19 35 29 59 34 2 25 44 61 16 33 7 48 56 3 6 47 12 30 11 53 15 52 10 41 40 18 62 50 49 37
31 11 51 32 48 15 28 25 34 12 52 33 55 54 35 39 8 30 63 61 45 49 44 60 5 40 41 14 38 24 22 58 19 47 21 20 57 26 42 6 27 13 10 18 3 29 37 4 64 16 43 17 50 59 62 53 56 7 9 46 36 1 2 23
37 24 50 44 23 29 38 56 31 7 5 60 35 19 61 59 45 42 12 20 33 34 26 32 43 46 52 22 54 21 62 53 30 13 11 64 58 28 40 4 6 1 39 10 8 9 14 48 17 55 3 18 41 49 2 47 15 16 27 25 57 63 51 36
43 40 14 23 48 58 25 50 9 36 7 62 16 39 41 47 64 28 53 59 20 6 22 34 44 61 10 30 33 27 60 21 17 32 2 4 15 35 8 56 12 24 13 51 26 11 63 37 29 45 5 57 31 19 18 38 52 1 49 46 3 54 42 55
42 54 33 7 50 56 22 15 29 39 57 23 20 8 40 24 51 53 13 2 62 58 61 36 63 38 52 25 21 11 16 34 48 35 44 9 41 12 46 59 17 64 3 32 37 19 4 5 26 60 43 1 31 45 27 47 55 30 28 10 18 49 14 6
29 20 3 49 48 28 27 62 14 47 59 19 4 24 13 53 30 8 38 39 35 44 18 5 33 7 60 1 12 26 61 45 54 9 46 51 43 16 37 23 17 32 21 2 56 15 55 10 52 34 40 57 41 42 64 11 31 22 25 63 58 36 50 6
30 49 47 31 6 1 50 2 24 52 59 27 12 5 10 26 42 7 22 41 16 46 39 56 37 63 20 14 35 53 29 36 9 43 18 8 45 3 55 54 33 25 64 44 11 23 28 51 15 21 34 48 62 38 32 61 40 13 4 60 58 17 57 19
51 50 38 45 25 47 7 29 34 3 20 16 40 17 9 59 5 14 39 46 21 13 56 53 8 4 6 10 57 24 54 11 43 32 58 33 37 41 42 52 23 62 35 26 61 2 27 48 19 49 36 15 64 63 60 31 18 12 28 44 1 22 55 30
22 51 49 20 57 6 41 55 63 8 11 39 14 27 1 2 36 9 58 64 24 16 37 40 52 59 18 34 12 30 54 10 3 56 13 4 31 15 42 45 5 53 44 47 50 29 60 17 38 21 25 35 7 48 61 28 32 26 62 19 33 23 43 46
33 48 4 42 26 64 59 24 17 9 34 8 16 32 60 50 37 28 5 43 1 10 52 12 11 30 35 41 22 19 31 7 36 38 23 55 18 6 58 15 2 29 25 21 62 40 27 61 47 20 49 45 56 44 57 54 46 13 3 63 14 39 51 53
23 35 24 64 44 55 62 18 3 48 33 60 54 42 21 32 4 8 25 5 38 14 19 46 45 37 13 57 63 11 17 1 26 6 49 61 27 30 7 39 31 51 29 53 41 52 50 47 15 12 34 36 40 22 16 9 20 43 2 58 59 10 28 56
53 16 6 27 36 37 19 31 56 28 64 3 25 46 2 42 24 49 30 18 38 35 48 44 15 52 60 34 58 22 62 17 63 20 57 12 45 59 50 13 8 43 4 47 23 54 26 33 14 10 9 40 7 32 11 21 39 1 29 5 51 41 55 61
14 5 37 2 45 51 13 22 58 28 64 38 63 35 36 27 17 48 7 57 47 4 40 1 55 21 61 42 6 54 19 56 10 20 46 52 3 16 53 44 25 62 29 59 43 30 39 24 8 32 15 18 9 60 23 31 33 12 34 50 41 11 49 26
43 11 9 22 13 35 34 30 26 38 3 64 51 46 1 12 21 41 36 14 42 25 49 59 57 60 6 15 28 50 53 2 29 56 16 63 55 23 10 39 48 44 40 18 54 7 4 8 52 61 33 32 47 37 62 17 31 24 5 45 58 20 27 19
15 46 18 9 31 35 24 23 64 16 3 10 41 5 21 43 26 51 12 36 4 52 56 32 39 17 13 22 19 61 11 59 63 33 6 38 55 58 29 14 40 54 25 28 8 1 50 7 34 44 62 37 48 30 2 49 60 57 47 27 53 42 45 20
49 15 2 34 29 50 24 39 10 37 28 57 18 38 59 64 41 3 16 44 55 7 53 56 52 45 11 48 22 46 63 13 6 58 21 12 27 9 4 40 61 8 60 35 26 20 23 31 33 25 30 36 14 17 47 1 51 62 43 54 5 42 32 19
54 40 20 57 29 22 33 50 62 30 59 36 8 32 31 63 39 18 34 1 44 13 53 35 26 11 48 10 60 46 38 52 24 55 51 19 16 4 21 49 61 27 14 6 3 28 41 17 56 58 9 25 7 2 37 64 12 47 15 45 5 42 23 43
26 50 38 62 48 30 39 11 45 18 33 21 42 40 58 17 4 43 56 2 6 27 10 34 57 46 15 59 41 36 63 51 32 44 53 13 14 35 49 54 5 9 19 61 37 12 3 55 52 16 29 24 7 25 23 28 8 22 20 64 31 60 1 47
1 15 16 34 40 21 58 30 14 44 50 31 2 41 18 62 46 23 27 47 4 55 64 37 38 13 59 9 45 63 22 32 57 10 49 36 11 26 43 29 33 42 17 56 51 25 6 12 8 35 61 5 28 53 3 60 39 48 20 54 52 24 7 19
38 49 36 21 2 26 53 56 22 51 47 34 30 19 3 48 13 32 27 44 23 18 60 1 57 35 37 45 39 5 54 25 46 64 61 58 15 11 16 14 20 17 50 55 52 8 4 28 59 31 9 6 41 7 43 29 10 12 24 33 62 63 42 40
9 54 2 12 31 49 1 28 40 48 50 25 23 38 53 45 16 44 19 55 14 57 32 27 37 13 58 20 21 29 43 22 41 64 30 17 35 24 59 8 47 42 6 10 52 11 7 39 26 60 15 63 61 5 3 46 56 51 62 33 36 34 18 4
48 39 14 61 1 29 3 63 13 30 8 19 59 4 54 27 15 42 34 46 56 6 22 31 60 2 38 50 43 25 47 9 49 45 36 24 18 28 44 12 41 33 52 55 5 17 51 35 7 62 32 21 40 26 58 11 57 10 64 16 20 23 53 37
42 60 4 16 55 1 56 64 23 41 32 25 51 33 12 39 35 62 53 20 36 48 47 17 7 18 63 30 59 43 14 22 38 9 52 34 61 19 8 45 29 44 24 6 10 50 15 49 3 37 5 27 26 54 57 21 2 31 46 13 11 40 58 28
59 10 36 40 23 5 17 28 32 38 56 16 19 13 30 34 9 2 48 31 4 11 51 14 44 57 58 39 25 37 42 41 61 64 7 21 50 8 29 1 12 55 18 20 63 47 26 60 3 53 49 15 45 22 24 33 62 35 27 43 52 6 46 54
47 7 22 39 24 35 32 58 8 19 38 31 26 59 54 20 1 27 56 4 11 49 46 64 3 10 41 17 62 12 18 55 30 21 16 43 48 28 25 53 61 23 63 2 14 29 57 50 34 37 40 60 52 45 15 33 36 42 44 6 5 51 9 13
38 22 2 20 7 14 52 25 55 12 63 60 39 28 29 21 18 23 4 26 30 42 24 31 37 54 5 61 33 17 8 19 34 43 27 49 10 47 62 35 40 16 64 15 59 51 48 41 50 3 9 56 44 53 36 32 13 6 45 58 46 57 1 11
40 59 37 61 42 21 57 12 25 9 6 45 46 26 56 5 52 32 10 44 53 36 47 1 20 58 35 27 16 8 23 50 31 24 33 51 54 49 11 55 39 4 19 13 28 64 30 43 15 41 2 18 60 38 34 3 29 62 48 17 14 22 63 7
3 10 22 44 29 36 7 39 11 19 5 9 17 48 24 42 12 13 33 31 59 20 32 46 16 51 21 14 64 37 26 61 55 2 41 40 23 28 8 18 47 1 35 6 30 56 60 54 58 27 38 4 57 43 34 15 25 49 50 45 62 53 63 52
34 39 29 48 16 49 14 47 64 37 21 3 50 10 43 62 27 22 28 4 57 46 51 24 63 53 30 52 42 32 20 6 17 12 11 56 15 9 55 44 35 45 5 18 38 59 40 1 7 60 41 31 8 58 13 2 33 26 19 23 54 36 25 61
54 30 35 4 28 43 46 3 55 5 47 59 44 53 32 18 7 36 25 41 15 6 63 12 24 39 14 50 56 23 58 61 22 21 26 49 9 19 34 11 51 37 60 13 33 48 62 40 10 57 64 16 38 1 45 2 20 31 52 29 8 17 27 42
10 29 64 42 31 59 41 37 61 23 8 26 2 16 52 14 56 39 24 49 12 36 48 20 50 17 55 1 63 57 25 5 45 60 3 6 19 30 18 53 33 35 11 4 13 51 54 9 43 21 58 34 32 22 46 40 38 27 47 44 15 28 62 7
37 7 34 46 28 12 21 38 61 49 17 9 63 3 5 52 56 42 51 39 2 1 54 53 22 41 27 20 23 10 40 13 14 30 11 47 57 8 60 33 29 45 48 59 15 55 31 43 24 64 25 18 26 35 16 19 44 58 62 32 6 36 4 50
22 11 51 37 20 64 17 44 27 46 58 42 49 52 33 13 50 63 36 29 43 5 53 18 60 40 57 39 7 2 48 25 32 45 6 38 4 10 21 8 31 15 62 59 41 28 3 23 24 30 9 47 35 16 54 12 61 19 55 26 34 56 14 1
6 21 35 53 12 48 41 58 31 57 27 40 22 18 29 4 24 61 50 38 15 32 25 59 9 16 1 54 36 2 52 43 23 39 62 26 44 60 11 30 47 56 28 49 20 45 51 63 13 5 7 19 10 64 14 55 17 46 3 34 33 37 8 42
25 59 1 58 17 44 21 62 27 15 61 53 32 4 22 19 64 37 41 52 5 50 8 12 63 42 35 45 7 11 55 33 3 9 48 10 47 2 57 34 29 39 30 24 26 49 28 60 20 13 6 36 31 38 51 14 56 54 46 43 23 40 18 16
18 3 35 12 50 46 20 41 2 16 19 61 63 57 38 51 29 25 27 54 48 5 23 44 10 62 43 49 1 64 37 40 13 36 60 42 53 26 33 58 22 47 39 14 11 6 8 7 9 4 56 21 31 24 32 17 45 28 59 55 15 30 34 52
14 44 56 2 57 10 48 41 18 11 3 47 12 26 8 20 35 63 1 34 59 13 29 4 53 51 46 24 42 17 16 23 64 39 7 49 9 37 30 19 60 62 22 5 45 36 61 50 33 27 28 54 52 15 32 55 6 40 58 25 43 38 21 31
52 31 53 19 30 28 39 36 44 41 62 59 45 47 2 18 32 12 64 35 33 50 22 48 3 27 1 7 20 57 49 16 8 63 17 56 46 6 11 23 55 4 9 21 29 51 15 14 25 40 38 60 26 37 34 58 13 5 43 10 24 61 54 42
34 32 39 28 27 38 37 48 33 17 22 55 47 1 30 25 40 36 60 59 14 2 50 45 8 44 42 57 61 46 12 54 64 52 7 18 41 53 35 26 11 10 13 24 20 63 51 21 15 6 5 43 16 58 4 29 49 19 31 9 23 62 56 3
36 18 38 37 42 35 46 4 64 60 15 57 10 16 19 13 59 30 61 45 41 27 21 48 11 20 47 3 9 1 2 58 56 53 34 6 29 28 25 32 49 43 51 55 14 54 26 7 12 33 40 24 52 31 39 8 22 62 17 50 44 5 23 63
45 24 47 57 21 22 56 20 27 10 31 61 49 40 3 4 39 16 12 29 17 44 59 32 51 41 37 33 13 52 1 5 28 23 2 63 58 62 26 30 54 53 46 60 19 9 36 55 14 7 35 64 8 18 6 48 42 25 38 11 34 43 50 15
45 13 50 44 55 29 56 17 16 27 40 61 54 6 1 26 7 47 25 3 53 8 21 60 23 52 36 49 42 18 64 38 62 34 43 48 58 24 10 46 22 30 37 9 20 19 5 11 12 41 32 31 51 33 57 28 2 63 15 59 14 35 4 39
64 18 36 58 3 60 38 28 8 30 39 62 4 51 46 63 21 20 12 11 43 53 29 50 48 59 2 10 32 45 16 49 6 27 5 19 13 1 34 61 35 44 52 15 31 56 26 7 47 54 23 25 42 14 41 24 40 33 22 57 9 17 55 37
28 21 43 55 60 18 11 56 36 20 38 34 41 61 29 26 1 62 27 17 35 30 42 51 45 31 25 47 22 54 5 24 63 40 52 7 64 9 23 3 12 14 46 33 44 39 37 19 59 13 15 50 48 57 4 49 32 58 10 8 16 2 53 6
28 64 1 31 25 19 49 2 60 34 8 42 16 55 32 62 59 29 22 41 27 63 58 47 45 26 24 52 7 10 14 13 51 4 37 61 15 6 35 11 53 56 39 21 46 33 3 30 36 50 20 40 57 48 43 5 38 18 44 9 23 17 54 12
22 47 49 59 35 10 20 27 37 45 42 39 14 26 12 57 15 54 50 53 64 18 62 36 48 1 55 13 40 63 17 25 61 6 21 16 31 9 60 29 28 44 38 7 30 34 8 46 32 23 11 24 51 5 56 19 4 52 58 41 43 2 33 3
48 52 50 54 51 42 35 58 45 1 7 29 13 15 57 44 37 14 3 63 17 40 34 60 38 16 49 36 33 20 32 2 56 28 19 39 10 31 6 9 64 43 62 12 26 22 30 5 46 23 21 59 61 25 55 18 47 11 41 4 24 8 27 53
64 32 47 36 18 6 16 24 7 4 28 40 13 38 53 27 17 48 1 41 44 33 3 15 9 26 12 45 19 29 2 30 31 56 21 34 61 8 51 23 39 59 50 25 55 62 46 49 10 54 42 57 5 52 37 58 14 43 63 60 35 22 11 20
23 13 25 15 11 28 48 3 42 63 6 17 52 57 30 37 24 50 56 14 59 9 49 38 60 55 58 53 16 31 29 36 64 33 18 41 22 27 2 39 32 8 12 20 54 62 1 40 45 46 44 4 10 35 26 43 19 51 34 47 7 61 5 21
55 18 25 8 37 19 29 38 20 64 57 9 62 50 43 51 12 60 52 15 61 2 24 28 1 7 22 34 4 27 42 48 58 53 41 23 31 54 14 39 44 13 33 59 47 30 11 17 5 36 40 49 32 21 10 3 45 56 6 46 16 63 35 26
51 43 12 37 39 42 29 11 54 48 6 25 64 62 38 53 57 1 33 31 14 59 17 22 26 56 36 10 2 28 18 32 34 16 5 3 4 44 50 63 20 40 15 47 35 24 8 61 19 13 46 23 45 21 52 58 30 7 9 60 55 41 27 49
12 38 1 7 58 48 24 22 3 26 54 2 64 6 61 55 11 25 36 17 52 5 18 33 9 14 30 45 53 56 28 29 37 42 4 10 49 27 40 39 46 57 21 59 15 20 16 50 34 13 41 63 62 23 43 8 51 19 31 32 44 35 60 47
19 22 13 12 57 37 15 24 44 42 56 48 23 33 21 17 49 60 54 55 2 51 10 38 31 1 14 39 47 45 64 43 35 28 4 58 26 36 6 46 34 63 16 9 18 7 53 11 41 25 29 61 62 50 30 8 27 3 32 59 5 20 52 40
60 11 23 21 39 32 36 62 61 5 40 25 44 55 1 27 13 57 2 49 18 48 15 41 58 30 14 43 28 37 38 17 45 24 8 50 54 12 29 59 42 20 34 31 47 4 46 33 9 56 10 53 6 52 51 22 7 26 64 35 16 19 3 63
13 38 10 59 30 29 26 43 34 24 19 2 16 49 63 7 58 4 46 37 45 47 9 50 3 57 15 41 53 51 42 62 36 20 22 54 56 64 1 17 25 21 8 31 35 27 55 12 52 11 40 14 39 18 5 61 33 23 32 48 6 28 44 60
15 50 52 44 14 4 47 20 22 40 16 32 63 55 19 37 42 51 13 39 2 25 49 62 41 21 53 45 18 12 31 59 5 54 29 9 57 46 36 43 11 8 61 28 48 27 38 56 34 35 1 30 26 17 24 6 23 58 60 33 3 10 7 64
21 9 30 7 57 12 26 36 6 54 16 56 35 31 2 50 32 45 46 43 55 18 15 1 51 38 25 29 39 41 44 59 27 24 52 58 14 3 22 37 19 40 61 42 48 5 20 10 23 4 62 49 53 13 17 60 63 33 11 47 8 28 34 64
18 56 24 15 60 43 28 40 54 14 11 59 32 42 5 58 50 2 62 36 19 17 47 7 45 4 34 39 51 53 16 10 26 20 23 22 8 44 13 48 38 25 57 33 12 3 37 64 30 31 21 27 46 9 61 6 35 1 29 55 63 49 52 41
62 35 51 59 22 52 23 64 33 24 47 37 41 60 39 11 34 58 29 38 1 54 36 12 20 6 55 21 28 7 43 63 42 3 19 61 2 44 57 26 10 40 46 18 53 4 15 27 17 50 25 45 8 48 5 14 49 32 30 13 31 56 9 16
63 41 26 23 61 12 25 18 51 49 33 29 44 40 3 21 38 24 28 4 52 58 32 55 46 30 8 57 62 22 15 2 13 50 34 60 56 64 31 9 14 17 47 37 16 45 54 43 10 59 35 36 7 19 53 20 42 48 1 11 5 39 27 6
31 7 44 57 35 50 49 12 27 38 16 3 4 43 41 61 9 21 15 56 54 18 32 58 45 13 20 22 8 14 62 25 30 46 40 37 1 51 19 52 55 63 10 59 17 47 64 33 23 29 24 5 2 42 28 60 36 39 6 34 48 53 26 11
20 3 44 12 22 59 49 36 39 17 13 54 6 18 43 19 34 55 45 32 64 62 24 40 46 30 16 47 28 61 15 53 42 35 5 52 48 57 2 51 41 11 8 7 14 31 27 9 29 56 23 60 21 37 26 38 63 33 4 25 50 1 58 10
14 26 29 6 1 39 41 49 42 19 10 30 8 23 27 12 20 13 16 9 33 54 28 57 62 32 56 5 21 55 38 46 3 18 44 63 52 2 4 47 17 7 24 60 48 61 22 50 45 35 37 31 40 25 43 64 51 53 36 59 11 34 58 15
20 30 54 56 23 44 46 36 6 14 15 37 57 45 25 58 49 16 43 13 10 26 53 38 12 60 41 64 42 29 32 59 50 5 9 51 18 34 21 19 48 62 4 39 52 55 28 40 22 1 17 7 35 8 27 31 2 47 11 61 24 3 63 33
1 11 31 21 42 20 46 37 51 4 39 54 9 48 10 19 34 27 38 49 59 55 32 47 61 16 52 57 17 18 26 58 63 13 53 25 7 23 33 35 62 15 24 5 45 44 2 50 64 56 41 6 29 36 40 3 43 60 8 22 28 30 14 12
12 53 23 15 38 61 14 58 32 16 11 55 17 60 47 21 25 20 29 62 22 30 2 52 42 24 35 49 54 10 44 13 57 31 50 45 41 8 63 26 28 56 39 43 7 6 9 4 33 46 51 48 36 34 59 3 40 27 19 64 1 5 18 37
44 29 48 34 30 11 20 1 8 10 52 39 4 36 31 2 59 21 25 43 41 49 63 50 19 56 28 54 33 42 51 22 55 35 62 40 58 45 38 7 32 26 13 18 46 17 16 61 24 57 23 9 53 37 6 15 60 12 3 5 14 47 27 64
31 48 36 35 61 54 37 1 38 45 2 32 62 27 51 9 8 56 46 57 26 10 19 52 6 15 22 47 16 39 17 58 29 41 12 40 44 34 30 13 3 53 43 28 14 4 63 49 24 20 42 25 59 11 7 60 33 5 50 64 18 23 21 55
56 29 64 49 55 15 26 20 17 63 44 2 40 14 30 33 18 42 60 62 53 6 25 19 51 41 10 4 37 28 23 38 11 57 46 32 31 12 43 8 36 5 7 35 27 48 52 50 58 39 45 22 54 34 59 47 13 21 61 9 1 3 24 16
50 5 48 11 1 36 41 37 24 51 14 26 54 47 7 22 33 31 56 10 32 34 8 25 35 28 2 53 16 39 42 12 15 20 30 55 43 49 19 62 61 58 52 27 4 6 45 3 44 9 21 40 57 18 59 64 13 17 63 60 46 38 29 23
