16
11 5 6 13 9 2 4 8 16 15 14 10 1 3 7 12
9 6 3 16 13 7 15 2 11 1 10 14 8 4 12 5
2 3 9 11 14 5 7 12 8 1 10 16 4 13 15 6
12 7 14 4 15 3 11 8 5 2 16 9 13 1 6 10
11 5 4 14 8 13 7 1 15 10 12 6 2 16 9 3
1 2 14 9 3 8 5 12 4 7 6 13 10 15 11 16
10 7 8 15 5 13 16 2 12 6 14 4 9 3 1 11
3 10 15 16 6 7 2 8 14 5 12 13 4 1 11 9
14 15 7 6 8 5 4 2 11 10 12 13 1 16 3 9
9 1 5 12 8 6 7 15 11 13 16 4 2 3 14 10
14 10 3 4 1 15 13 11 12 16 8 9 6 2 5 7
14 16 7 15 4 10 9 6 13 3 12 8 11 1 2 5
1 15 14 4 3 16 8 13 10 9 11 5 2 12 7 6
4 11 1 6 12 8 2 9 16 3 10 5 7 13 14 15
1 12 6 4 8 16 5 3 11 7 14 13 9 10 2 15
14 5 9 1 13 4 15 6 10 7 2 16 8 11 3 12
4 13 14 1 8 6 5 11 15 2 3 9 16 10 7 12
6 5 4 15 13 11 1 7 10 8 14 2 12 3 16 9
7 2 16 11 10 8 15 3 12 14 9 1 13 6 4 5
10 2 6 5 13 12 16 4 11 9 3 14 15 7 1 8
5 11 2 4 10 9 15 13 3 6 14 12 1 7 16 8
2 10 14 6 16 13 5 4 9 8 7 1 12 3 11 15
9 10 7 13 1 5 16 12 4 11 2 14 3 6 15 8
9 11 16 2 3 14 1 13 6 12 7 8 5 10 4 15
8 2 14 4 3 10 15 1 16 5 9 11 12 6 7 13
15 3 6 12 14 7 8 11 5 4 13 1 9 16 10 2
13 11 12 14 6 15 4 7 10 16 3 9 8 2 1 5
10 4 9 1 11 7 15 8 14 5 6 16 3 2 12 13
7 6 12 8 1 9 14 4 11 5 10 3 2 15 13 16
6 12 14 16 4 10 9 1 5 13 11 2 7 15 8 3
1 15 7 2 11 13 16 6 3 8 9 10 14 5 12 4
8 1 4 6 7 12 11 10 13 5 9 3 2 14 15 16
